[[[321, 340], [322, 317], [321, 324], [316, 296], [322, 310], [322, 302], [321, 282], [276, 281], [321, 267], [321, 259], [321, 231], [321, 343], [321, 345], [320, 
346], [320, 348], [320, 351], [320, 354], [320, 358], [319, 364], [322, 320], [316, 320], [252, 259], [294, 287], [287, 287], [281, 287], [273, 284], [299, 285], [286, 271], [292, 271], [280, 272], [275, 274], [268, 288], [295, 373], [273, 280], [249, 285], [261, 283], [289, 312], [313, 339], [314, 345], [305, 340], [300, 343], [308, 345], [304, 346], [291, 352], [317, 317], [316, 310], [266, 267], [302, 297], [302, 315], [301, 312], [271, 312], [316, 303], [281, 261], [272, 263], [259, 
248], [308, 266], [298, 273], [287, 346], [253, 343], [306, 319], [311, 321], [294, 347], [296, 347], [268, 259], [301, 318], [293, 261], [291, 256], [285, 233], [264, 253], [289, 244], [262, 265], [257, 262], [314, 342], [307, 343], [302, 345], [308, 320], [295, 347], [298, 348], [297, 346], [310, 316], [305, 345], [309, 346], [315, 346], [311, 364], [312, 357], [313, 354], [313, 350], [314, 348], [303, 347], [303, 348], [301, 350], [300, 352], [294, 335], [247, 313], [321, 322], [300, 
347], [299, 347], [313, 324], [303, 322], [312, 322], [295, 300], [285, 305], [300, 315], [269, 239], [274, 247], [278, 256], [296, 357], [306, 257], [304, 244], [302, 231], [276, 286], [262, 292], [302, 283], [268, 276], [306, 293], [306, 313], [255, 296], [266, 297], [274, 299], [286, 298], [295, 295], [301, 292], [315, 284], [256, 310], [263, 275], [319, 320], [303, 303], [246, 285], [306, 289], [299, 315], [271, 280], [305, 309], [249, 328], [302, 281], [311, 305], [267, 358], [267, 
365], [249, 311], [260, 350], [253, 273], [293, 379], [319, 321], [297, 307], [256, 285], [282, 283], [287, 284], [296, 349], [257, 322], [304, 389], [285, 380], [276, 374], [321, 245], [318, 390], [293, 283], [297, 282], [300, 282], [258, 274], [297, 277], [291, 275], [286, 275], [281, 276], [277, 277], [248, 270], [278, 282], [321, 329], [300, 332], [306, 318], [312, 330], [321, 275], [276, 367], [284, 373], [305, 384], [260, 356], [300, 279], [311, 294], [318, 386], [294, 385], [250, 
325], [308, 348], [307, 349], [306, 352], [305, 355], [303, 361], [299, 346], [298, 346], [296, 345], [290, 341], [266, 325], [311, 288], [307, 276], [303, 278], [301, 345], [264, 341], [313, 276], [299, 367], [322, 295], [316, 290], [321, 289], [307, 304], [319, 379], [319, 371], [309, 370], [284, 355], [294, 321], [291, 362], [280, 320], [288, 327], [274, 330], [306, 378], [303, 307], [278, 360], [287, 367], [280, 347], [258, 333], [271, 348], [253, 338], [283, 336], [307, 298], [308, 
315], [304, 317], [311, 311], [302, 271], [293, 268], [284, 267], [277, 268], [271, 271], [267, 282], [248, 298], [272, 290], [278, 292], [286, 292], [294, 291], [300, 288], [305, 286], [247, 299], [304, 319], [311, 299], [312, 316], [316, 319], [312, 317], [305, 321], [317, 319], [317, 321], [304, 281], [308, 283], [310, 284], [275, 279], [272, 276], [327, 296], [362, 283], [326, 320], [382, 262], [345, 288], [351, 289], [357, 289], [364, 285], [340, 286], [354, 273], [347, 273], [359, 
274], [363, 276], [368, 290], [341, 373], [364, 282], [384, 288], [375, 286], [349, 313], [328, 339], [327, 345], [335, 341], [340, 343], [332, 345], [336, 346], [346, 353], [327, 317], [328, 311], [373, 270], [338, 297], [339, 316], [339, 313], [366, 313], [327, 303], [360, 262], [367, 265], [378, 251], [334, 266], [341, 274], [351, 347], [374, 345], [335, 319], [330, 321], [345, 347], [342, 347], [371, 261], [339, 319], [349, 262], [350, 257], [356, 235], [374, 256], [353, 246], [376, 
267], [379, 265], [328, 342], [333, 344], [338, 345], [333, 320], [343, 347], [341, 348], [341, 346], [332, 317], [334, 346], [330, 346], [326, 346], [328, 364], [328, 357], [327, 354], [327, 350], [326, 348], [336, 347], [337, 348], [338, 350], [339, 352], [345, 336], [381, 315], [338, 347], [339, 348], [328, 324], [337, 323], [329, 323], [344, 301], [353, 306], [340, 316], [369, 241], [366, 249], [362, 258], [342, 357], [336, 258], [338, 245], [340, 232], [361, 288], [374, 294], [337, 
284], [369, 278], [334, 293], [336, 313], [380, 299], [370, 298], [363, 300], [352, 299], [344, 296], [338, 293], [327, 284], [378, 312], [374, 277], [325, 320], [337, 303], [384, 288], [334, 289], [340, 316], [366, 282], [336, 309], [379, 330], [337, 282], [332, 305], [365, 359], [363, 366], [382, 314], [371, 351], [382, 275], [342, 380], [324, 321], [342, 308], [379, 287], [356, 285], [351, 285], [342, 349], [377, 324], [331, 389], [348, 380], [355, 374], [346, 285], [341, 283], [338, 
283], [378, 276], [342, 278], [347, 276], [353, 276], [358, 277], [361, 279], [384, 274], [360, 284], [340, 332], [335, 318], [329, 330], [357, 367], [350, 373], [332, 384], [369, 357], [339, 280], [331, 294], [341, 385], [380, 327], [331, 348], [332, 349], [333, 352], [334, 355], [336, 361], [339, 346], [341, 346], [343, 345], [349, 341], [370, 327], [330, 288], [333, 277], [336, 278], [338, 346], [370, 342], [328, 276], [338, 367], [327, 291], [334, 304], [329, 370], [352, 355], [345, 
321], [346, 362], [358, 321], [350, 328], [363, 331], [331, 378], [337, 308], [356, 360], [349, 367], [357, 348], [375, 334], [363, 349], [377, 339], [355, 336], [334, 299], [334, 316], [337, 318], [332, 312], [338, 272], [348, 269], [356, 269], [363, 270], [367, 273], [370, 284], [384, 301], [365, 292], [360, 294], [352, 293], [344, 292], [338, 289], [335, 287], [382, 301], [337, 319], [331, 300], [331, 316], [327, 319], [330, 317], [335, 321], [326, 320], [325, 321], [335, 282], [332, 
283], [330, 284], [363, 281], [366, 279]]]